Year	Flow	Homeruns
1901	874	228
1902	694	258
1903	940	184
1904	833	156
1905	701	156
1906	916	137
1907	692	104
1908	1020	116
1909	1050	109
1910	969	147
1911	831	198
1912	726	156
1913	456	159
1914	824	148
1915	702	160
1916	1120	144
1917	1100	133
1918	832	96
1919	764	240
1920	821	369
1921	768	477
1922	845	525
1923	864	442
1924	862	397
1925	698	533
1926	845	424
1927	744	439
1928	796	483
1929	1040	595
1930	759	673
1931	781	576
1932	865	707
1933	845	607
1934	944	688
1935	984	663
1936	897	758
1937	822	806
1938	1010	864
1939	771	796
1940	676	883
1941	649	734
1942	846	533
1943	812	473
1944	742	459
1945	801	430
1946	1040	653
1947	860	679
1948	874	710
1949	848	769
1950	890	973
1951	744	839
1952	749	794
1953	838	879
1954	1050	823
1955	918	961
1956	986	1075
1957	797	1024
1958	923	1057
1959	975	1091
1960	815	1086
1961	1020	1534
1962	906	1552
1963	901	1489
1964	1170	1551
1965	912	1370
1966	746	1365
1967	919	1197
1968	718	1104
1969	714	1649
1970	740	1746
